13 FF E0 40
10 22 E0 40 30 00 00 00 30 00 00 00
10 30 80 60 9C 03 01
10 23 00 40 00 00 00 00 00 00 00 00
10 24 00 40 80 01 88 01 FF E7 0F F8
10 6B 80 40 00 00 00 00 00 00 00 00
10 2C 00 40 72 65 9C 03 03
10 2C A0 40 00 00 0A 33 10 00 0F 00
621 00 52 00 00 00 00 00 00
10 30 40 58 9C 03 01
10 26 40 40 04 0F 00 00 00 00 00 4A
10 30 60 99 9C 03 01
10 21 00 40 00 00 00 00 00 00 00 00
10 22 00 40 00 00 00 00 0F FC 00 00
13 FF E0 62
10 22 E0 40 10 00 00 00 10 00 00 00
10 23 00 40 20 00 00 00 20 00 00 00
10 30 80 60 9C 03 01
10 22 A0 40 00 B1 00 00 40 00 00 00
10 22 C0 40 00 00 00 00 00 00
10 24 00 40 80 02 88 01 FF E7 0F F8
10 2C A0 40 00 00 0A 3A 10 00 0F 00
10 2C C0 40 01 09 CD 2F 00 8C 06 95
10 26 40 40 04 0F 00 00 00 00 00 5C
10 2C E0 40 41 00 46 00 00 00 06 93
10 21 00 40 00 00 00 00 00 00 00 00
10 44 80 60 00 00 5E 26
10 22 00 40 00 00 00 00 0F FC 00 00
10 22 E0 40 30 00 00 00 30 00 00 00
10 78 00 40 00 00 01 04 08 00 00 00
10 23 00 40 00 00 00 00 00 00 00 00
10 80 00 40 00 EC 00 00 ED 01
10 8E 40 97 E0 00 00 00 00 00
10 30 80 60 9C 03 01
10 24 00 40 80 00 88 01 FF E7 0F FC
13 FF E0 60
10 6B 80 40 00 00 00 00 00 00 00 00
10 81 40 99 00 00 00 00
10 2C A0 40 00 00 0A 00 10 00 0F 00
10 B0 60 60 00 04 1E 07 00 00 02 8C
10 26 40 40 04 0F 00 00 00 00 00 4A
10 21 00 40 00 00 00 00 00 00 00 00
10 22 00 40 00 00 00 00 0F FB 00 00
10 22 E0 40 10 00 00 00 10 00 00 00
10 23 00 40 20 00 00 00 20 00 00 00
10 73 40 99 10 00 00 7D 00 00
10 24 00 40 80 01 88 01 FF E7 0F F8
10 30 80 60 9C 03 01
10 2C 00 40 72 65 9C 03 03
10 2C A0 40 00 00 0A 1B 10 00 0F 00
10 30 40 58 9C 03 01
10 26 40 40 04 0F 00 00 00 00 00 4A
10 30 60 99 9C 03 01
13 FF E0 59
10 21 00 40 00 00 00 00 00 00 00 00
10 B0 60 60 00 04 1E 07 00 00 02 8B
10 22 A0 40 00 B1 00 00 40 00 00 00
10 22 00 40 00 00 00 00 0F FA 00 00
10 22 C0 40 00 00 00 00 00 00
10 22 E0 40 30 00 00 00 30 00 00 00
10 23 00 40 00 00 00 00 00 00 00 00
10 25 00 40 00 00
10 2C C0 40 01 09 CD 2F 00 8C 06 A1
10 2C E0 40 41 00 46 00 00 00 06 97
10 24 00 40 80 01 88 01 FF E7 0F F8
10 2A 80 97 14 0C 1A 01 23 1D
10 2D 00 40 00 00 02 38 89 71 00 00
10 2A A0 97 07 47 AE BF 6D EA 6F C0
10 2E 00 40 00 2C C4 00 5C 93 77 8E
10 2A C0 97 06 4A 00 0B 00 01 F3 0F
10 30 80 60 9C 03 01
10 2C A0 40 00 00 0A 40 11 00 0F 00
10 70 40 97 01 41 72 84
10 6B 80 40 00 00 00 00 00 00 00 00
10 24 80 40 00 00 72 8F 8B 00 00
10 26 40 40 04 0F 00 00 00 00 00 5D
10 21 00 40 00 00 00 00 00 00 00 00
10 6C 00 40 00 61 F2 F5 00
10 B0 60 60 00 04 1E 07 00 00 02 89
10 22 00 40 00 00 00 00 0F FB 00 00
624 00 20 00 00 00 00 00 00
10 22 E0 40 10 00 00 00 10 00 00 00
13 FF E0 80
10 23 00 40 20 00 00 00 20 00 00 00
10 77 C0 40 60 60 01 DC
13 FF E0 66
10 78 00 40 00 00 01 04 08 00 00 00
10 24 00 40 80 01 88 01 FF E7 0F F4
10 78 80 40 08 00 00 00 00 00
10 80 00 40 00 EC 00 00 ED 07
10 2A A0 80 07 47 AE 50 6D EA 70 20
10 2A C0 80 06 68 00 64 00 01 FE 8C
10 80 60 40 00 00 00 00 00
10 30 80 60 9C 03 01
10 2C A0 40 00 00 0A 17 11 00 0F 00
10 26 40 40 04 0F 00 00 00 00 00 4B
10 21 00 40 00 00 00 00 00 00 00 00
10 22 00 40 00 00 00 00 0F FC 00 00
13 FF E0 58
10 B0 60 60 00 04 1E 07 00 00 02 8A
10 22 E0 40 30 00 00 00 30 00 00 00
10 23 00 40 00 00 00 00 00 00 00 00
10 22 A0 40 00 B1 00 00 40 00 00 00
10 22 C0 40 00 00 00 00 00 00
10 24 00 40 80 01 88 01 FF E7 0F F8
10 2C 00 40 72 65 9C 03 03
10 2C A0 40 00 00 09 FA 11 00 0F 00
10 6B 80 40 00 00 00 00 00 00 00 00
13 FF E0 8E
10 2C C0 40 01 09 CD 2F 00 8C 06 9E
10 30 40 58 9C 03 01
10 30 80 60 9C 03 01
10 26 40 40 04 0F 00 00 00 00 00 4B
10 30 60 99 9C 03 01
10 21 00 40 00 00 00 00 00 00 00 00
10 2C E0 40 41 00 46 00 00 00 06 98
10 22 00 40 00 00 00 00 0F FC 00 00
10 22 E0 40 10 00 00 00 10 00 00 00
10 78 00 40 00 00 01 04 08 00 00 00
10 B0 60 60 00 04 1E 07 00 00 02 89
10 23 00 40 20 00 00 00 20 00 00 00
10 80 00 40 00 EC 00 00 ED 0A
10 6E 00 97 0E 00
13 FF E0 97
10 24 00 40 80 01 88 01 FF E7 0F F8
13 FF E0 99
13 FF E0 BB
10 2C A0 40 00 00 0A 11 10 00 0F 00
10 26 40 40 04 0F 00 00 00 00 00 5D
10 30 80 60 9C 03 01
10 21 00 40 00 00 00 00 00 00 00 00
10 22 00 40 00 00 00 00 0F FB 00 00
10 22 E0 40 30 00 00 00 30 00 00 00
10 23 00 40 00 00 00 00 00 00 00 00
10 B0 60 60 00 04 1E 07 00 00 02 88
10 73 40 99 10 00 00 7D 00 00
10 24 00 40 80 01 88 01 FF E7 0F F8
10 6B 80 40 00 00 00 00 00 00 00 00
10 2C A0 40 00 00 0A 23 10 00 0F 00
13 FF E0 BC
10 26 40 40 04 0F 00 00 00 00 00 4B
10 21 00 40 00 00 00 00 00 00 00 00
10 22 A0 40 00 B1 00 00 40 00 00 00
10 30 80 60 9C 03 01
10 22 00 40 00 00 00 00 0F FB 00 00
10 22 C0 40 00 00 00 00 00 00
10 22 E0 40 10 00 00 00 10 00 00 00
10 23 00 40 20 00 00 00 20 00 00 00
10 2C C0 40 01 09 CD 2F 00 8C 06 9A
10 2C E0 40 41 00 45 00 00 00 06 99
10 2D 00 40 00 00 02 38 89 71 00 00
10 B0 60 60 00 04 1E 07 00 00 02 86
10 24 00 40 80 01 88 01 FF E7 0F F8
10 2C 00 40 72 65 9C 03 03
10 80 60 40 00 00 00 00 00
10 2C A0 40 00 00 0A 11 10 00 0F 00
10 78 00 40 00 00 01 04 08 00 00 00
10 78 80 40 08 00 00 00 00 00
10 30 40 58 9C 03 01
10 80 00 40 00 EC 00 00 ED 10
10 6D 00 80 00 00
10 30 60 99 9C 03 01
10 24 80 40 00 00 72 8F 8B 00 00
13 FF E0 A8
13 FF E0 5B
10 21 00 40 00 00 00 00 00 00 00 00
10 22 00 40 00 00 00 00 0F FA 00 00
10 30 80 60 9C 03 01
10 22 E0 40 30 00 00 00 30 00 00 00
10 23 00 40 00 00 00 00 00 00 00 00
10 26 40 40 04 0F 00 00 00 00 00 5E
10 24 00 40 80 01 88 01 FF E7 0F F8
10 6B 80 40 00 00 00 00 00 00 00 00
10 2C A0 40 00 00 0A 1C 11 00 0F 00
621 00 52 00 00 00 00 00 00
10 26 40 40 04 0F 00 00 00 00 00 5E
13 FF E0 AF
10 21 00 40 00 00 00 00 00 00 00 00
10 22 00 40 00 00 00 00 0F FB 00 00
10 22 E0 40 10 00 00 00 10 00 00 00
10 30 80 60 9C 03 01
10 23 00 40 20 00 00 00 20 00 00 00
13 FF E0 B9
10 22 A0 40 00 B1 00 00 40 00 00 00
10 22 C0 40 00 00 00 00 00 00
10 24 00 40 80 01 88 01 FF E7 0F F8
10 2C A0 40 00 00 0A 3B 10 00 0F 00
13 FF E0 40
10 2C C0 40 01 09 CD 2F 00 8C 06 98
10 26 40 40 04 0F 00 00 00 00 00 4C
10 2C E0 40 41 00 45 00 00 00 06 95
10 21 00 40 00 00 00 00 00 00 00 00
10 44 80 60 00 00 5E 26
10 22 00 40 00 00 00 00 0F FB 00 00
10 B0 60 60 00 04 1E 07 00 00 02 87
10 22 E0 40 30 00 00 00 30 00 00 00
10 78 00 40 00 00 01 04 08 00 00 00
10 23 00 40 00 00 00 00 00 00 00 00
10 80 00 40 00 EC 00 00 ED 14
10 30 80 60 9C 03 01
10 8E 40 97 E0 00 00 00 00 00
10 24 00 40 80 01 88 01 FF E7 0F F8
10 6B 80 40 00 00 00 00 00 00 00 00
10 2C 00 40 72 65 9C 03 03
10 2C A0 40 00 00 0A 51 10 00 0F 00
10 30 40 58 9C 03 01
10 26 40 40 04 0F 00 00 00 00 00 4C
10 30 60 99 9C 03 01
10 62 C0 40 00 0D F0 63 1B
10 21 00 40 00 00 00 00 00 00 00 00
10 22 00 40 00 00 00 00 0F FA 00 00
13 FF E0 62
10 22 E0 40 10 00 00 00 10 00 00 00
10 B0 60 60 00 04 1E 07 00 00 02 88
10 23 00 40 20 00 00 00 20 00 00 00
10 73 40 99 10 00 00 7D 00 00
10 30 80 60 9C 03 01
10 24 00 40 80 02 88 01 FF E7 0F FC
10 2C A0 40 00 00 0A 26 10 00 0F 00
10 26 40 40 04 0F 00 00 00 00 00 5F
10 21 00 40 00 00 00 00 00 00 00 00
10 22 A0 40 00 B1 00 00 40 00 00 00
10 22 00 40 00 00 00 00 0F FA 00 00
10 22 C0 40 00 00 00 00 00 00
10 22 E0 40 30 00 00 00 30 00 00 00
10 25 00 40 00 00
10 23 00 40 00 00 00 00 00 00 00 00
10 2C C0 40 01 09 CD 2F 00 8C 06 98
10 B0 60 60 00 04 1E 07 00 00 02 8A
10 2C E0 40 41 00 45 00 00 00 06 AB
13 FF E0 60
10 24 00 40 80 01 88 01 FF E7 0F F8
10 2A 80 97 14 0C 1A 01 23 1E
10 30 80 60 9C 03 01
10 2A A0 97 07 47 AE BF 6D EA 6F C0
10 2D 00 40 00 00 02 38 89 71 00 00
10 2A C0 97 06 4A 00 0B 00 01 F3 0F
10 70 40 97 01 41 72 84
10 2C A0 40 00 00 0A 1C 10 00 0F 00
10 2E 00 40 00 2C C4 00 5C 93 77 8E
10 24 80 40 00 00 72 8F 8B 00 00
10 26 40 40 04 0F 00 00 00 00 00 4B
10 21 00 40 00 00 00 00 00 00 00 00
10 46 60 40 00 00 00 00 00
10 22 00 40 00 00 00 00 0F FB 00 00
10 6B 80 40 00 00 00 00 00 00 00 00
10 22 E0 40 10 00 00 00 10 00 00 00
10 6C 00 40 00 61 F2 F5 00
10 23 00 40 20 00 00 00 20 00 00 00
10 77 C0 40 60 60 01 DC
10 78 00 40 00 00 01 04 08 00 00 00
10 78 80 40 08 00 00 00 00 00
10 B0 60 60 00 04 1E 07 00 00 02 8B
10 24 00 40 80 01 88 01 FF E7 0F F8
10 2C 00 40 72 65 9C 03 03
10 80 00 40 00 EC 00 00 ED 19
10 30 80 60 9C 03 01
10 2C A0 40 00 00 0A 61 11 00 0F 00
10 80 60 40 00 00 00 00 00
10 30 40 58 9C 03 01
10 26 40 40 04 0F 00 00 00 00 00 4B
10 2A A0 80 07 47 AE 50 6D EA 70 20
10 2A C0 80 06 68 00 64 00 01 FE 8C
10 21 00 40 00 00 00 00 00 00 00 00
10 30 60 99 9C 03 01
10 22 00 40 00 00 00 00 0F FA 00 00
13 FF E0 59
10 22 E0 40 30 00 00 00 30 00 00 00
10 23 00 40 00 00 00 00 00 00 00 00
10 22 A0 40 00 B1 00 00 40 00 00 00
10 22 C0 40 00 00 00 00 00 00
10 B0 60 60 00 04 1E 07 00 00 02 8A
10 24 00 40 80 02 88 01 FF E7 0F F8
10 2C A0 40 00 00 0A 53 10 00 0F 00
10 6B 80 40 00 00 00 00 00 00 00 00
10 30 80 60 9C 03 01
10 2C C0 40 01 09 CD 2F 00 8C 06 9A
10 26 40 40 04 0F 00 00 00 00 00 5D
10 2C E0 40 41 00 45 00 00 00 06 99
10 21 00 40 00 00 00 00 00 00 00 00
10 22 00 40 00 00 00 00 0F FB 00 00
13 FF E0 80
10 22 E0 40 10 00 00 00 10 00 00 00
10 78 00 40 00 00 01 04 08 00 00 00
10 23 00 40 20 00 00 00 20 00 00 00
10 80 00 40 00 EC 00 00 ED 1D
13 FF E0 66
10 24 00 40 80 01 88 01 FF E7 0F F8
10 B0 60 60 00 04 1E 07 00 00 02 8D
10 2C A0 40 00 00 0A 28 10 00 0F 00
10 30 80 60 9C 03 01
10 26 40 40 04 0F 00 00 00 00 00 4B
10 21 00 40 00 00 00 00 00 00 00 00
10 22 00 40 00 00 00 00 0F FB 00 00
10 32 40 58 00 00 1B 80 00 00
13 FF E0 58
10 22 E0 40 30 00 00 00 30 00 00 00
10 23 00 40 00 00 00 00 00 00 00 00
10 73 40 99 10 00 00 7D 00 00
10 24 00 40 80 01 88 01 FF E7 0F F8
10 6B 80 40 00 00 00 00 00 00 00 00
10 2C 00 40 72 65 9C 03 03
10 2C A0 40 00 00 0A 34 10 00 0F 00
10 B0 60 60 00 04 1E 07 00 00 02 8F
10 30 40 58 9C 03 01
13 FF E0 8E
10 26 40 40 04 0F 00 00 00 00 00 5D
10 30 60 99 9C 03 01
10 30 80 60 9C 03 01
10 21 00 40 00 00 00 00 00 00 00 00
10 22 00 40 00 00 00 00 0F FB 00 00
10 22 A0 40 00 B1 00 00 40 00 00 00
10 22 C0 40 00 00 00 00 00 00
10 22 E0 40 10 00 00 00 10 00 00 00
10 23 00 40 20 00 00 00 20 00 00 00
10 2C C0 40 01 09 CD 2F 00 8C 06 9E
10 2C E0 40 41 00 45 00 00 00 06 90
10 6E 00 97 0E 00
10 2D 00 40 00 00 02 38 89 71 00 00
13 FF E0 97
10 24 00 40 80 01 88 01 FF E7 0F F8
10 80 60 40 00 00 00 00 00
13 FF E0 99
13 FF E0 BB
10 2C A0 40 00 00 0A 32 10 00 0F 00
10 78 00 40 00 00 01 04 08 00 00 00
10 78 80 40 08 00 00 00 00 00
10 B0 60 60 00 04 1E 07 00 00 02 8E
10 24 80 40 00 00 72 8F 8B 00 00
10 21 00 40 00 00 00 00 00 00 00 00
10 26 40 40 04 0F 00 00 00 00 00 4A
10 30 80 60 9C 03 01
10 22 00 40 00 00 00 00 0F FB 00 00
10 22 E0 40 30 00 00 00 30 00 00 00
10 80 00 40 00 EC 00 00 ED 23
10 23 00 40 00 00 00 00 00 00 00 00
10 24 00 40 80 01 88 01 FF E7 0F F8
10 6B 80 40 00 00 00 00 00 00 00 00
10 2C A0 40 00 00 0A 2C 11 00 0F 00
621 00 52 00 00 00 00 00 00
13 FF E0 BC
10 26 40 40 04 0F 00 00 00 00 00 4A
10 B0 60 60 00 04 1E 07 00 00 02 8D
10 21 00 40 00 00 00 00 00 00 00 00
10 22 00 40 00 00 00 00 0F FB 00 00
10 30 80 60 9C 03 01
10 22 E0 40 10 00 00 00 10 00 00 00
10 23 00 40 20 00 00 00 20 00 00 00
10 22 A0 40 00 B1 00 00 40 00 00 00
10 22 C0 40 00 00 00 00 00 00
10 24 00 40 80 01 88 01 FF E7 0F F8
10 2C 00 40 72 65 9C 03 03
10 2C A0 40 00 00 0A 1B 10 00 0F 00
10 2C C0 40 01 09 CD 2F 00 8C 06 9C
10 30 40 58 9C 03 01
10 26 40 40 04 0F 00 00 00 00 00 5D
10 30 60 99 9C 03 01
10 2C E0 40 41 00 45 00 00 00 06 92
10 6D 00 80 00 00
13 FF E0 A8
10 21 00 40 00 00 00 00 00 00 00 00
10 44 80 60 00 00 5E 26
10 B0 60 60 00 04 1E 07 00 00 02 8C
10 22 00 40 00 00 00 00 0F FA 00 00
13 FF E0 5B
10 22 E0 40 30 00 00 00 30 00 00 00
10 30 80 60 9C 03 01
10 23 00 40 00 00 00 00 00 00 00 00
10 8E 40 97 E0 00 00 00 00 00
10 78 00 40 00 00 01 04 08 00 00 00
10 24 00 40 80 02 88 01 FF E7 0F F8
10 6B 80 40 00 00 00 00 00 00 00 00
10 80 00 40 00 EC 00 00 ED 26
10 2C A0 40 00 00 0A 4D 10 00 0F 00
10 26 40 40 04 0F 00 00 00 00 00 4B
13 FF E0 AF
10 21 00 40 00 00 00 00 00 00 00 00
10 22 00 40 00 00 00 00 0F FA 00 00
10 B0 60 60 00 04 1E 07 00 00 02 8B
10 22 E0 40 10 00 00 00 10 00 00 00
10 23 00 40 20 00 00 00 20 00 00 00
13 FF E0 B9
10 30 80 60 9C 03 01
10 73 40 99 10 00 00 7D 00 00
10 24 00 40 80 02 88 01 FF E7 0F F8
10 2C A0 40 00 00 0A 38 10 00 0F 00
13 FF E0 40
10 26 40 40 04 0F 00 00 00 00 00 4B
10 21 00 40 00 00 00 00 00 00 00 00
10 22 A0 40 00 B1 00 00 40 00 00 00
10 22 00 40 00 00 00 00 0F FC 00 00
10 22 C0 40 00 00 00 00 00 00
10 22 E0 40 30 00 00 00 30 00 00 00
10 25 00 40 00 00
10 B0 60 60 00 04 1E 07 00 00 02 8C
10 23 00 40 00 00 00 00 00 00 00 00
10 2C C0 40 01 09 CD 2F 00 8C 06 A8
10 2C E0 40 41 00 45 00 00 00 06 9F
10 30 80 60 9C 03 01
10 24 00 40 80 01 88 01 FF E7 0F F8
10 2A 80 97 14 0C 1A 01 23 1F
10 2C 00 40 72 65 9C 03 03
10 2A A0 97 07 47 AE BF 6D EA 6F C0
10 2D 00 40 00 00 02 38 89 71 00 00
10 2A C0 97 06 4A 00 0B 00 01 F3 0F
10 2C A0 40 00 00 0A 07 10 00 0F 00
10 70 40 97 01 41 72 84
10 30 40 58 9C 03 01
10 2E 00 40 00 2C C4 00 5C 93 77 8E
10 30 60 99 9C 03 01
10 24 80 40 00 00 72 8F 8B 00 00
10 21 00 40 00 00 00 00 00 00 00 00
10 26 40 40 04 0F 00 00 00 00 00 4A
10 22 00 40 00 00 00 00 0F FB 00 00
13 FF E0 62
10 6B 80 40 00 00 00 00 00 00 00 00
10 22 E0 40 10 00 00 00 10 00 00 00
10 23 00 40 20 00 00 00 20 00 00 00
10 6C 00 40 00 61 F2 F5 00
10 B0 60 60 00 04 1E 07 00 00 02 8D
10 77 C0 40 60 60 01 DC
10 24 00 40 80 01 88 01 FF E7 0F F8
10 78 00 40 00 00 01 04 08 00 00 00
10 30 80 60 9C 03 01
10 2A A0 80 07 47 AE 50 6D EA 70 20
10 2A C0 80 06 68 00 64 00 01 FE 8C
10 78 80 40 08 00 00 00 00 00
10 2C A0 40 00 00 0A 1C 10 00 0F 00
10 80 00 40 00 EC 00 00 ED 2C
10 80 60 40 00 00 00 00 00
10 26 40 40 04 0F 00 00 00 00 00 4A
10 21 00 40 00 00 00 00 00 00 00 00
10 22 00 40 00 00 00 00 0F FA 00 00
10 22 E0 40 30 00 00 00 30 00 00 00
10 23 00 40 00 00 00 00 00 00 00 00
10 B0 60 60 00 04 1E 07 00 00 02 8B
10 22 A0 40 00 B1 00 00 40 00 00 00
13 FF E0 60
10 22 C0 40 00 00 00 00 00 00
10 24 00 40 80 01 88 01 FF E7 0F F4
10 30 80 60 9C 03 01
10 2C A0 40 00 00 0A 26 10 00 0F 00
10 2C C0 40 01 09 CD 2F 00 8C 06 A2
10 6B 80 40 00 00 00 00 00 00 00 00
10 26 40 40 04 0F 00 00 00 00 00 4A
10 2C E0 40 41 00 45 00 00 00 06 93
10 21 00 40 00 00 00 00 00 00 00 00
10 22 00 40 00 00 00 00 0F FA 00 00
10 22 E0 40 10 00 00 00 10 00 00 00
10 78 00 40 00 00 01 04 08 00 00 00
10 23 00 40 20 00 00 00 20 00 00 00
10 80 00 40 00 EC 00 00 ED 2F
10 24 00 40 80 01 88 01 FF E7 0F F8
10 B0 60 60 00 04 1E 07 00 00 02 8A
10 2C 00 40 72 65 9C 03 03
10 81 40 99 00 00 00 00
10 2C A0 40 00 00 0A 2B 10 00 0F 00
10 30 80 60 9C 03 01
10 30 40 58 9C 03 01
10 26 40 40 04 0F 00 00 00 00 00 5E
10 30 60 99 9C 03 01
13 FF E0 59
10 21 00 40 00 00 00 00 00 00 00 00
10 22 00 40 00 00 00 00 0F FB 00 00
10 22 E0 40 30 00 00 00 30 00 00 00
10 23 00 40 00 00 00 00 00 00 00 00
62C 00 40 00 00 00 00 00 00
10 73 40 99 10 00 00 7D 00 00
10 24 00 40 80 01 88 01 FF E7 0F F8
10 6B 80 40 00 00 00 00 00 00 00 00
10 B0 60 60 00 04 1E 07 00 00 02 89
10 2C A0 40 00 00 0A 3E 10 00 0F 00
10 30 80 60 9C 03 01
10 26 40 40 04 0F 00 00 00 00 00 4B
10 21 00 40 00 00 00 00 00 00 00 00
10 22 A0 40 00 B1 00 00 40 00 00 00
10 22 00 40 00 00 00 00 0F FA 00 00
13 FF E0 80
10 22 C0 40 00 00 00 00 00 00
10 22 E0 40 10 00 00 00 10 00 00 00
10 23 00 40 20 00 00 00 20 00 00 00
10 2C C0 40 01 09 CD 2F 00 8C 06 B1
13 FF E0 66
10 2C E0 40 41 00 44 00 00 00 06 8D
10 24 00 40 80 01 88 01 FF E7 0F F8
10 2D 00 40 00 00 02 38 89 72 00 00
10 80 60 40 00 00 00 00 00
10 2C A0 40 00 00 0A 37 10 00 0F 00
10 78 00 40 00 00 01 04 08 00 00 00
10 B0 60 60 00 04 1E 07 00 00 02 8A
10 78 80 40 08 00 00 00 00 00
10 24 80 40 00 00 72 8F 8B 00 00
10 26 40 40 04 0F 00 00 00 00 00 4C
10 30 80 60 9C 03 01
10 21 00 40 00 00 00 00 00 00 00 00
10 22 00 40 00 00 00 00 0F FB 00 00
13 FF E0 58
10 80 00 40 00 EC 00 00 ED 35
10 22 E0 40 30 00 00 00 30 00 00 00
10 23 00 40 00 00 00 00 00 00 00 00
10 24 00 40 80 01 88 01 FF E7 0F F8
10 6B 80 40 00 00 00 00 00 00 00 00
10 2C 00 40 72 65 9C 03 03
10 2C A0 40 00 00 0A 3A 10 00 0F 00
13 FF E0 8E
621 00 52 00 00 00 00 00 00
10 30 40 58 9C 03


